0.00121743
0.00147996
0.00193146
0.00286227
0.00278011
0.00338319
0.00366578
0.0042722
0.00487446
0.0054843
0.000777185
0.00158181
0.00208178
0.00233563
0.00272042
0.00341522
0.00392194
0.00438912
0.00111518
0.0102246
0.00769417
0.00766168
0.000218058
0.00140878
0.0130317
0.0130712
0.0135997
0.000324959
0.00164852
0.0161657
0.0185323
0.0202065
0.000243417
0.00244552
0.0222668
0.0197758
0.0210257
0.000531068
0.00270935
0.0254828
0.0275532
0.024222
0.000757565
0.00310826
0.0304374
0.0305762
0.03222
0.000808047
0.00400283
0.0417764
0.0411172
0.0386223
0.000916709
0.00430426
0.0501384
0.0515421
0.0500046
0.00127534
0.00502412
0.0613342
0.0624767
0.0595132
0.00147951
0.00554082
0.0766183
0.07633
0.0769045
0.00178916
0.00619728
0.0922131
0.0944995
0.0907755
0.00195053
0.00680739
0.116214
0.115269
0.114854
0.00219638
0.00767712
0.147949
0.148899
0.150417
0.00255364
