0.0655651
0.0800171
0.0999011
0.136281
0.151373
0.17735
0.207107
0.23202
0.25976
0.291189
0.0578015
0.0801408
0.101872
0.126287
0.152176
0.179092
0.206139
0.233089
0.0586749
0.182822
0.170883
0.176189
0.0213674
0.0807191
0.24799
0.248436
0.256256
0.0296103
0.103961
0.346552
0.347223
0.374477
0.0383283
0.127766
0.44037
0.414886
0.419806
0.0485914
0.151694
0.498361
0.552245
0.538728
0.0603382
0.174279
0.65346
0.637409
0.653223
0.072822
0.204649
0.840435
0.791912
0.793678
0.0827855
0.23154
1.00612
1.01021
1.00024
0.0986304
0.263956
1.22075
1.24031
1.20119
0.114304
0.293167
1.51601
1.52008
1.52923
0.132017
0.326793
1.85148
1.88732
1.82803
0.149474
0.360111
2.33288
2.31283
2.30363
0.169674
0.397583
2.94052
3.00655
3.04092
0.190499
