0.00381884
0.00579351
0.00995175
0.0174186
0.0195026
0.0270142
0.0338898
0.0427413
0.053477
0.0656531
0.00223312
0.00616521
0.0101923
0.0139845
0.0192431
0.0274256
0.0355262
0.0440666
0.00328756
0.031466
0.0229996
0.0237471
0.000368249
0.00565029
0.0518346
0.0515612
0.0540328
0.000752352
0.00823994
0.0831029
0.093853
0.111472
0.000732498
0.0146745
0.135399
0.118698
0.125621
0.00197403
0.01954
0.161525
0.19294
0.173974
0.00340607
0.0248461
0.244527
0.238553
0.253449
0.00436454
0.0356818
0.380599
0.364867
0.344991
0.00566115
0.0432332
0.502152
0.510481
0.497804
0.00916205
0.0553237
0.672382
0.687939
0.655223
0.0121077
0.0665946
0.915484
0.919076
0.926024
0.0165318
0.0807351
1.19944
1.23585
1.17834
0.0201363
0.0954731
1.63016
1.61286
1.6072
0.025331
0.115742
2.20206
2.25852
2.28098
0.0325362
