0.932787
0.928792
0.899787
0.885126
0.869931
0.848689
0.843916
0.811281
0.79456
0.774486
0.940909
0.927163
0.904859
0.887187
0.867499
0.848166
0.831188
0.812262
0.946141
0.840759
0.858582
0.860078
0.984185
0.927172
0.808927
0.799434
0.79596
0.975492
0.911817
0.744186
0.749515
0.759223
0.976484
0.885773
0.69594
0.712263
0.705559
0.957388
0.869504
0.689655
0.608911
0.689655
0.944681
0.852787
0.612731
0.601748
0.621175
0.937914
0.831103
0.534945
0.573305
0.553628
0.931917
0.813823
0.497073
0.494966
0.493503
0.909611
0.790739
0.449048
0.446315
0.45215
0.895219
0.772788
0.398123
0.39492
0.393565
0.874548
0.752671
0.347125
0.344308
0.35128
0.86642
0.733853
0.296554
0.298358
0.301835
0.851958
0.712536
0.262352
0.241801
0.232619
0.838626
