0.0617463
0.0742236
0.0899494
0.118863
0.131871
0.150336
0.173218
0.189278
0.206283
0.225536
0.0555683
0.0739756
0.0916797
0.112302
0.132933
0.151666
0.170613
0.189023
0.0553874
0.151356
0.147884
0.152442
0.0209992
0.0750688
0.196156
0.196875
0.202223
0.0288579
0.0957215
0.263449
0.25337
0.263005
0.0375958
0.113092
0.304972
0.296189
0.294185
0.0466174
0.132154
0.336836
0.359305
0.364754
0.0569322
0.149433
0.408934
0.398856
0.399773
0.0684575
0.168968
0.459836
0.427045
0.448688
0.0771243
0.188306
0.503969
0.499728
0.502432
0.0894683
0.208632
0.548365
0.552371
0.545964
0.102196
0.226573
0.600525
0.601005
0.603207
0.115485
0.246058
0.652041
0.65147
0.649686
0.129337
0.264638
0.70273
0.699976
0.696426
0.144343
0.281842
0.738458
0.748031
0.759945
0.157963
