0.0209018
0.0204405
0.0193891
0.0223942
0.0215784
0.0222108
0.0224023
0.0231914
0.0236773
0.0243244
0.0201164
0.0205617
0.0208075
0.0210919
0.0215132
0.0223013
0.0227569
0.0232161
0.0199032
0.0594067
0.0571663
0.0568449
0.0234856
0.0201256
0.062347
0.0629807
0.064498
0.0176326
0.020799
0.0673619
0.0685631
0.0678817
0.0127369
0.0212924
0.0724206
0.0694884
0.0702648
0.0135125
0.0210335
0.0786233
0.0788643
0.0750059
0.0134202
0.0218025
0.0813392
0.0816992
0.0830416
0.0134822
0.0229579
0.0922408
0.0892334
0.0889212
0.0134054
0.0230518
0.100458
0.101998
0.10046
0.0137291
0.0239706
0.111356
0.112641
0.109114
0.0139674
0.0243921
0.126877
0.126244
0.127
0.0142893
0.0250849
0.142342
0.144314
0.140861
0.0144789
0.0256764
0.16631
0.165296
0.164674
0.014712
0.0263716
0.198029
0.198214
0.200515
0.0149515
