0.943396
0.924528
0.90566
0.886792
0.867925
0.849057
0.830189
0.811321
0.792453
0.773585
0.943396
0.924528
0.90566
0.886792
0.867925
0.849057
0.830189
0.811321
0.943396
0.85
0.85
0.85
0.9625
0.924528
0.8
0.8
0.8
0.95
0.90566
0.75
0.75
0.75
0.9375
0.886792
0.7
0.7
0.7
0.925
0.867925
0.65
0.65
0.65
0.9125
0.849057
0.6
0.6
0.6
0.9
0.830189
0.55
0.55
0.55
0.8875
0.811321
0.5
0.5
0.5
0.875
0.792453
0.45
0.45
0.45
0.8625
0.773585
0.4
0.4
0.4
0.85
0.754717
0.35
0.35
0.35
0.8375
0.735849
0.3
0.3
0.3
0.825
0.716981
0.25
0.25
0.25
0.8125
