0.02
0.0204082
0.0208333
0.0212766
0.0217391
0.0222222
0.0227273
0.0232558
0.0238095
0.0243902
0.02
0.0204082
0.0208333
0.0212766
0.0217391
0.0222222
0.0227273
0.0232558
0.02
0.0588235
0.0588235
0.0588235
0.012987
0.0204082
0.0625
0.0625
0.0625
0.0131579
0.0208333
0.0666667
0.0666667
0.0666667
0.0133333
0.0212766
0.0714286
0.0714286
0.0714286
0.0135135
0.0217391
0.0769231
0.0769231
0.0769231
0.0136986
0.0222222
0.0833333
0.0833333
0.0833333
0.0138889
0.0227273
0.0909091
0.0909091
0.0909091
0.0140845
0.0232558
0.1
0.1
0.1
0.0142857
0.0238095
0.111111
0.111111
0.111111
0.0144928
0.0243902
0.125
0.125
0.125
0.0147059
0.025
0.142857
0.142857
0.142857
0.0149254
0.025641
0.166667
0.166667
0.166667
0.0151515
0.0263158
0.2
0.2
0.2
0.0153846
