0.0566038
0.0754717
0.0943396
0.113208
0.132075
0.150943
0.169811
0.188679
0.207547
0.226415
0.0566038
0.0754717
0.0943396
0.113208
0.132075
0.150943
0.169811
0.188679
0.0566038
0.15
0.15
0.15
0.0375
0.0754717
0.2
0.2
0.2
0.05
0.0943396
0.25
0.25
0.25
0.0625
0.113208
0.3
0.3
0.3
0.075
0.132075
0.35
0.35
0.35
0.0875
0.150943
0.4
0.4
0.4
0.1
0.169811
0.45
0.45
0.45
0.1125
0.188679
0.5
0.5
0.5
0.125
0.207547
0.55
0.55
0.55
0.1375
0.226415
0.6
0.6
0.6
0.15
0.245283
0.65
0.65
0.65
0.1625
0.264151
0.7
0.7
0.7
0.175
0.283019
0.75
0.75
0.75
0.1875
