0.06
0.0816327
0.104167
0.12766
0.152174
0.177778
0.204545
0.232558
0.261905
0.292683
0.06
0.0816327
0.104167
0.12766
0.152174
0.177778
0.204545
0.232558
0.06
0.176471
0.176471
0.176471
0.038961
0.0816327
0.25
0.25
0.25
0.0526316
0.104167
0.333333
0.333333
0.333333
0.0666667
0.12766
0.428571
0.428571
0.428571
0.0810811
0.152174
0.538462
0.538462
0.538462
0.0958904
0.177778
0.666667
0.666667
0.666667
0.111111
0.204545
0.818182
0.818182
0.818182
0.126761
0.232558
1
1
1
0.142857
0.261905
1.22222
1.22222
1.22222
0.15942
0.292683
1.5
1.5
1.5
0.176471
0.325
1.85714
1.85714
1.85714
0.19403
0.358974
2.33333
2.33333
2.33333
0.212121
0.394737
3
3
3
0.230769
