0.00113208
0.00154024
0.00196541
0.00240867
0.00287121
0.0033543
0.00385935
0.00438789
0.0049416
0.00552232
0.00113208
0.00154024
0.00196541
0.00240867
0.00287121
0.0033543
0.00385935
0.00438789
0.00113208
0.00882353
0.00882353
0.00882353
0.000487013
0.00154024
0.0125
0.0125
0.0125
0.000657895
0.00196541
0.0166667
0.0166667
0.0166667
0.000833333
0.00240867
0.0214286
0.0214286
0.0214286
0.00101351
0.00287121
0.0269231
0.0269231
0.0269231
0.00119863
0.0033543
0.0333333
0.0333333
0.0333333
0.00138889
0.00385935
0.0409091
0.0409091
0.0409091
0.00158451
0.00438789
0.05
0.05
0.05
0.00178571
0.0049416
0.0611111
0.0611111
0.0611111
0.00199275
0.00552232
0.075
0.075
0.075
0.00220588
0.00613208
0.0928571
0.0928571
0.0928571
0.00242537
0.0067731
0.116667
0.116667
0.116667
0.00265152
0.00744786
0.15
0.15
0.15
0.00288462
