0.00339623
0.00616095
0.00982704
0.014452
0.0200984
0.0268344
0.0347341
0.0438789
0.0543576
0.0662678
0.00339623
0.00616095
0.00982704
0.014452
0.0200984
0.0268344
0.0347341
0.0438789
0.00339623
0.0264706
0.0264706
0.0264706
0.00146104
0.00616095
0.05
0.05
0.05
0.00263158
0.00982704
0.0833333
0.0833333
0.0833333
0.00416667
0.014452
0.128571
0.128571
0.128571
0.00608108
0.0200984
0.188462
0.188462
0.188462
0.00839041
0.0268344
0.266667
0.266667
0.266667
0.0111111
0.0347341
0.368182
0.368182
0.368182
0.0142606
0.0438789
0.5
0.5
0.5
0.0178571
0.0543576
0.672222
0.672222
0.672222
0.0219203
0.0662678
0.9
0.9
0.9
0.0264706
0.079717
1.20714
1.20714
1.20714
0.0315299
0.0948234
1.63333
1.63333
1.63333
0.0371212
0.111718
2.25
2.25
2.25
0.0432692
